>ACA1_126960_primary	9	0.001
0.112676807556	0.0552359523829	0.416453286531	0.41563395353
0.103304030273	0.00945261973141	0.0764997991928	0.810743550803
0.0123433426819	0.00491271233423	0.95856875396	0.0241751910238
0.0576159682687	0.245691239599	0.00460370477444	0.692089087358
0.0197551974353	0.00441728644029	0.00731346071474	0.96851405541
0.0159986939785	0.00231193841916	0.970593746741	0.0110956208612
0.00920734770504	0.922765782549	0.0545237299349	0.0135031398109
0.828338346049	0.0108931689781	0.0555734426575	0.105195042316
0.698118199584	0.104168716392	0.051623391366	0.146089692658
<
>Ecm22_primary	10	0.001
0.0437635814018	0.592014308351	0.211740207979	0.152481902268
0.0133539901411	0.752846508298	0.175339186502	0.0584603150594
0.000822352267059	0.0379221679986	0.00132592926051	0.959929550474
0.00230669920654	0.993997495063	0.00145154545826	0.00224426027268
0.00162094373212	0.000674680824893	0.989989812004	0.00771456343886
0.000296236856737	0.00930149316283	0.00329332378678	0.987108946194
0.742130212422	0.000370895540029	0.00246491208209	0.255033979956
0.0100783890254	0.0887901241147	0.000287354215818	0.900844132644
0.976322783594	0.00934852051315	0.0131077665782	0.00122092931454
0.658561648903	0.0780741498012	0.236371819908	0.0269923813881
<
>GST-NOTCH1_CSL-6His	12	0.001
0.0527168452931	0.631025176656	0.191725997311	0.124531980739
0.0926558443312	0.653668664689	0.100883792787	0.152791698193
0.303413400706	0.154460296767	0.489245734549	0.0528805679786
0.0373722296536	0.0219865818745	0.00251443008869	0.938126758383
0.00442819155187	0.00315041318877	0.990316261297	0.00210513396254
0.0851502251309	0.00892248008175	0.86399122162	0.0419360731669
0.0122905670432	0.00122535141396	0.983021125719	0.00346295582362
0.971318910539	0.00140882799236	0.0117337651803	0.0155384962884
0.856018485427	0.0259170969744	0.10059985222	0.0174645653788
0.231455731948	0.574378029991	0.0750086768878	0.119157561173
0.269564470082	0.242912511107	0.115273170387	0.372249848425
0.500898162604	0.0563297718457	0.0718097985631	0.370962266987
<
>Gat1	7	0.001
0.00148637594786	0.860265328305	0.132739355035	0.00550894071151
0.00333231238022	0.00295448933366	0.00219737763045	0.991515820656
0.0303077225773	0.000515836549242	0.000866844665621	0.968309596208
0.992153298963	0.00126741843379	0.00477361201478	0.00180567058837
0.00186614511584	0.0023820367397	0.00222352823444	0.99352828991
0.00265524970215	0.992496098993	0.00173109114896	0.00311756015586
0.225575964007	0.00851298092145	0.659722864927	0.106188190145
<
>Gli1_v015681_primary	15	0.001
0.139373394784	0.0283658332756	0.826449584784	0.00581118715612
0.00602585738514	0.00730409782627	0.968584291302	0.0180857534864
0.752925488394	0.138643896963	0.10782020509	0.000610409553391
0.00891506413815	0.985454360432	0.000357942121055	0.00527263330892
0.00102527614131	0.993219520294	0.00295088616435	0.00280431740019
0.795344175786	0.140509510162	0.0185755815658	0.0455707324859
0.00969702712386	0.988106320143	0.00130983209748	0.000886820635389
0.0727881541824	0.92383059579	0.000828191879305	0.0025530581481
0.0659559138887	0.762504489855	0.0261330665414	0.145406529715
0.405722105116	0.0763605755384	0.420217145419	0.0977001739262
0.0854483122884	0.0726845556944	0.780242863487	0.06162426853
0.29441738348	0.0850588022069	0.454727086287	0.165796728027
0.18967805777	0.077177279609	0.19984110541	0.533303557211
0.26905263892	0.271337654751	0.239459268012	0.220150438317
0.10700984858	0.0768058757673	0.703131847819	0.113052427834
<
